MapperIP: 195.168.2.1;
MapperPort: 4568;
PointA:45.543543534,32423523.3243;
PointB:45.543543534,32423523.3243;
!-
MapperIP: 195.168.2.1;
MapperPort: 4568;
PointA:45.543543534,32423523.3243;
PointB:45.543543534,32423523.3243;
!-
MapperIP: 195.168.2.1;
MapperPort: 4568;
PointA:45.543543534,32423523.3243;
PointB:45.543543534,32423523.3243;
!-
ReducerIP: 195.168.2.1;
ReducerPort: 4568;
!-

